Temperature,Energy,Specific Heat,Error c boot,Error c jack
1.0,-4739.599595551062,0.13456883309930562,0.007696348200942167,0.007788055945347564
1.1052631578947367,-4711.979777553084,0.08151958894130529,0.003970227335635103,0.003859281687900829
1.2105263157894737,-4688.966632962589,0.14003883435913206,0.006431492029130649,0.006499569626234446
1.3157894736842106,-4652.841253791708,0.14927194838745114,0.006405966647972016,0.00634206634173477
1.4210526315789473,-4609.779575328615,0.2098585749247989,0.009256323356843992,0.009435647811932993
1.526315789473684,-4547.029322548028,0.23276459894610146,0.009977897731947915,0.010058901009203577
1.631578947368421,-4467.32052578362,0.2968264432126554,0.013004081385964544,0.012867805251651238
1.736842105263158,-4367.154701718908,0.4450572385721627,0.01975842215058129,0.019561717168960067
1.8421052631578947,-4250.285136501517,0.5326534437291112,0.022059116631111594,0.022922545955037305
1.9473684210526314,-4103.458038422649,0.6660894359804435,0.03153782560084116,0.031081244693270685
2.052631578947368,-3883.3245702730032,0.952612772707834,0.047475735514155445,0.04691107743386344
2.1578947368421053,-3638.74216380182,1.0504782344971553,0.046379031211472826,0.04629304628376103
2.263157894736842,-3341.3993933265924,1.2241059593896075,0.054352410645150354,0.054301207126577794
2.3684210526315788,-3050.9362992922142,1.080607049745744,0.04678483018979986,0.04734591848564636
2.473684210526316,-2803.510616784631,0.9180112700102492,0.038800295363135354,0.03913459036902305
2.5789473684210527,-2596.105156723964,0.6732837205926109,0.03145462479101533,0.03211138070882183
2.6842105263157894,-2416.6309403437817,0.647004036769557,0.028368719188394398,0.029051616362834303
2.789473684210526,-2265.1971688574317,0.5693435389567324,0.025854757844257472,0.026123547359231537
2.894736842105263,-2141.6582406471184,0.46600698328984086,0.018856872693373782,0.019968893549963847
3.0,-2033.015166835187,0.3645183584989359,0.01729418424257557,0.01692339727086308
