,Energy,Magnetism,modulus Magnetism,Specific Heat,Susepctibility,Error c boot,Error c jack,Error x boot,Error x jack
0,-4992.888888888889,2498.222222222222,2498.222222222222,0.03097283950597048,0.0019358024690300226,0.010163520570323846,0.0006393946339369187,0.012909255938623666,0.0008068284961639791
1,-4979.555555555556,2494.4444444444443,2494.4444444444443,0.07852035497278316,0.006684068195433135,0.022346899237113423,0.0018278705765116588,0.02775137308546347,0.0022119172205070188
2,-4968.444444444444,2492.0,2492.0,0.07419333940176805,0.005874396135334087,0.028168156064932504,0.002121230917817012,0.035409858265514696,0.002694930653789329
3,-4957.333333333333,2488.6666666666665,2488.6666666666665,0.09939854222260473,0.0099982222225368,0.049159160355147516,0.00489887620270489,0.06624963730588705,0.0066935573501688776
4,-4914.666666666667,2475.5555555555557,2475.5555555555557,0.17888785246094108,0.02321353452211177,0.055771746458265825,0.0077919989792681,0.06952910020540293,0.009507406996606267
5,-4886.666666666667,2468.6666666666665,2468.6666666666665,0.28021498216345075,0.03074942528751904,0.17039982578869486,0.016748484955180172,0.22921310327843478,0.02345007048152707
6,-4820.888888888889,2447.1111111111113,2447.1111111111113,0.11421255122632813,0.04164715252864745,0.04837108803278761,0.022439522126427826,0.06470436463679581,0.030495316359460324
7,-4713.333333333333,2413.777777777778,2413.777777777778,0.34793902663042964,0.09671589973803722,0.09663267018410164,0.03848800901945873,0.1208307012889212,0.05034740662833154
8,-4610.666666666667,2381.5555555555557,2381.5555555555557,0.23931762358208336,0.07079393298043736,0.0637760226613903,0.02312120714326468,0.0743185123811397,0.03032859005861154
9,-4463.111111111111,2330.222222222222,2330.222222222222,0.1911842509172253,0.053943009676331206,0.07806190575848934,0.02212849608608656,0.09997197354765466,0.028374693112993482
10,-4296.444444444444,2262.0,2262.0,0.6874134333326573,0.30781082621090694,0.2020133644673276,0.12007045666800283,0.25517610111253697,0.15713536053691102
11,-3970.6666666666665,2020.0,2020.0,1.4226774010180903,1.2229203252032808,0.3752749716915419,0.3313053982425118,0.4178205349887594,0.41565254610001134
12,-3659.5555555555557,1885.3333333333333,1885.3333333333333,1.527061648271573,1.2354811369509502,0.44072992542433487,0.4411816402665792,0.5654810592454316,0.5554527752851092
13,-3212.0,976.2222222222222,976.2222222222222,0.3765096296296297,40.08348005486972,0.11685489176761284,12.09430180584785,0.15052374126707543,14.337617842813673
14,-2842.6666666666665,123.11111111111111,157.77777777777777,0.9601390674513962,4.863153559232991,0.25449476160740514,1.7180311915412607,0.30217945228140564,2.2559651887287258
15,-2596.4444444444443,140.44444444444446,154.22222222222223,0.4512907440830491,2.1021879566641464,0.1544245621434274,0.8958189457385366,0.20034342584760462,1.1914382360229274
16,-2428.0,-142.88888888888889,154.44444444444446,0.21081696783286755,2.178085306221255,0.07552375124462948,0.8877383387703934,0.09968722998955667,1.1831886828421028
17,-2254.6666666666665,-13.555555555555555,60.22222222222222,0.37359737352163835,0.5889796412764967,0.09503927827383388,0.16953588024755342,0.11150232859117364,0.19938856199187863
18,-2196.0,88.0,123.11111111111111,0.512573590449964,2.0947135353535353,0.17406253105337216,0.6461436366796613,0.23066616821708413,0.7997120011402652
19,-2055.1111111111113,-11.333333333333334,81.55555555555556,0.7569031550068408,1.1397925925925925,0.30854421491213846,0.36605058344386066,0.40752447429176397,0.45445749113640266
