,Energy,Magnetism,modulus Magnetism,Specific Heat,Susepctibility
0,-4993.160768452983,2498.256825075834,2498.256825075834,0.02491220943033695,0.001673919688910246
1,-4983.902932254803,2495.866531850354,2495.866531850354,0.04374178917699932,0.0033396169648461406
2,-4969.941354903944,2492.139534883721,2492.139534883721,0.07592552794331302,0.006861531446776961
3,-4946.341759352882,2485.720930232558,2485.720930232558,0.10141289040629861,0.010714993862614035
4,-4911.708796764408,2476.058645096057,2476.058645096057,0.15128794805014043,0.01882100697449512
5,-4864.861476238625,2462.4873609706774,2462.4873609706774,0.2104407526933853,0.02973147028658925
6,-4797.185035389282,2441.6926188068755,2441.6926188068755,0.3157892652716492,0.05468672254448456
7,-4710.038422649141,2413.462082912032,2413.462082912032,0.39509677932682497,0.08653288885719622
8,-4604.905965621841,2377.514661274014,2377.514661274014,0.4507947745140536,0.1248949150463726
9,-4456.052578361981,2319.187057633974,2319.187057633974,0.6384982095969919,0.25492584365767407
10,-4254.899898887766,2227.340748230536,2227.340748230536,0.8602691937376764,0.5921474391544669
11,-4014.5884732052577,2089.6622851365014,2089.6622851365014,1.1353096055667002,1.427618307346578
12,-3613.0637007077858,1670.3781597573306,1672.994944388271,1.997388339611215,22.912036614826018
13,-3113.7189079878667,323.4155712841254,680.9079878665318,1.351713484410921,87.00840015102881
14,-2817.5449949443882,5.221435793731041,327.6400404448938,0.9615460694032882,27.384865913178256
15,-2612.2386248736098,56.98887765419616,267.9737108190091,0.7694773713034323,17.360489075136126
16,-2432.076845298281,10.819009100101113,211.92315470171891,0.641353970596556,10.361275865500502
17,-2287.591506572295,-2.4125379170879677,176.83114256825075,0.5635929279294778,6.854298979385061
18,-2154.6208291203234,-10.56825075834176,152.22244691607685,0.445550800924911,5.018447961896516
19,-2044.1213346814964,-14.752275025278058,140.2649140546006,0.40038006695150913,4.033891783940842
