Temperature,Energy,Magnetism,modulus Magnetism,Specific Heat,Susepctibility,Error c boot,Error c jack,Error x boot,Error x jack
1.0,-4993.075834175936,2498.228513650152,2498.228513650152,0.0224709049269557,0.0015338143229484558,0.001252143837461342,0.00010273026104508778,0.0012571992681098363,9.821919911226181e-05
1.1052631578947367,-4984.202224469161,2495.9393326592517,2495.9393326592517,0.04376326750188121,0.003338876965677455,0.0021987652887790143,0.00017438343625369827,0.0022045321615275122,0.00017316744526311783
1.2105263157894737,-4969.298281092012,2491.947421638018,2491.947421638018,0.07299227116809338,0.00662248301036332,0.003887442062535204,0.0003669667753777508,0.0037566535019196616,0.00037642927311331035
1.3157894736842106,-4945.512639029323,2485.536905965622,2485.536905965622,0.11768161211171387,0.012164888262376187,0.00567875480729357,0.0006525049997481409,0.005645025770820169,0.0006723735726553916
1.4210526315789473,-4911.0819009100105,2475.8847320525783,2475.8847320525783,0.1585690708262562,0.01887971133776009,0.007249719965627835,0.0009043453726558608,0.007181671406855494,0.0009157305494591693
1.526315789473684,-4861.193124368048,2461.3488372093025,2461.3488372093025,0.21621260879539425,0.030762670368290158,0.00962459599945349,0.0014889371256742196,0.009772996901031637,0.0015074113777453677
1.631578947368421,-4800.149646107179,2442.6531850353895,2442.6531850353895,0.28074882930025663,0.049836913230786886,0.01191143468725184,0.0024675314195760985,0.012317312362925008,0.00240440708924926
1.736842105263158,-4713.306370070779,2414.3579373104144,2414.3579373104144,0.3673089194436115,0.07932420888767774,0.016995289271100375,0.003716940775511337,0.01614996393999605,0.003615155574091324
1.8421052631578947,-4597.650151668352,2373.7876643073814,2373.7876643073814,0.5085286361711232,0.14598485951845136,0.022226387340289838,0.006612565912280342,0.022757445894000125,0.006665252044590959
1.9473684210526314,-4456.533872598585,2318.129423660263,2318.129423660263,0.6349753838934664,0.27092234297984763,0.027978184544111412,0.015112451294885861,0.028502080131033256,0.015375027656989537
2.052631578947368,-4258.459049544995,2226.701718907988,2226.701718907988,0.8690868179918778,0.7512879120009642,0.03651861412307955,0.06963915844716077,0.03693558349496344,0.07114969722596766
2.1578947368421053,-4000.56622851365,2071.993933265925,2071.993933265925,1.0627673818894008,1.7820364626343292,0.04248372939457075,0.12038268460860092,0.04382773182306317,0.11673443920194916
2.263157894736842,-3628.076845298281,1722.7583417593528,1722.7583417593528,1.8772777930238986,9.945986743762214,0.07948307117055108,0.46411697770167154,0.07812706257437117,0.4816226947072847
2.3684210526315788,-3078.3255813953488,157.24772497472193,478.38018200202225,1.2810818279629566,54.841560434470225,0.061496987694020525,2.2767305990474993,0.05964498829975805,2.3372270102010093
2.473684210526316,-2829.7512639029324,-96.83114256825075,351.16076845298284,0.9227080302049229,28.958477819550104,0.04192451019796296,1.1839767268854071,0.042405408765778675,1.1937864032291008
2.5789473684210527,-2609.8159757330636,59.5005055611729,242.14155712841253,0.7238448397154914,13.6900051401762,0.030990246209873524,0.6048560289231515,0.031951851343104805,0.601914876153277
2.6842105263157894,-2428.432760364004,25.427704752275027,183.93528816986856,0.6584842611380808,8.241546751814319,0.029312568659821184,0.40436698441895674,0.029266957235792018,0.40265796308561524
2.789473684210526,-2281.993933265925,-10.291203235591507,174.38422649140546,0.5029779554968904,7.044160287966843,0.02104974468351413,0.32118231195291014,0.021586581463831602,0.3397819667351387
2.894736842105263,-2153.338725985844,-4.214357937310415,148.1577350859454,0.4390520451142045,4.79101688439179,0.0211063254814545,0.2127320271733482,0.020943597803882337,0.21725582366585403
3.0,-2038.273003033367,0.2992922143579373,130.35793731041457,0.40448678976208385,3.472233961510556,0.019905822395053265,0.14100065169698356,0.019689322154620527,0.1418508994241864
