Temperature,Energy,Magnetism,modulus Magnetism,Specific Heat,Susepctibility,Error c boot,Error c jack,Error x boot,Error x jack
1.0,-4993.023255813953,2498.2184024266935,2498.2184024266935,0.021913231594860555,0.0014887057945132255,0.0012208909567253713,0.0012087244463813828,9.030054418473452e-05,9.105531848584554e-05
1.1052631578947367,-4984.177957532862,2495.941354903943,2495.941354903943,0.04093754500227384,0.003106232811049337,0.0018605963972123602,0.001851672332187408,0.00014814857035251358,0.00014776085717067164
1.2105263157894737,-4970.539939332659,2492.303336703741,2492.303336703741,0.06814527418759347,0.006117219515452566,0.003320685559051994,0.0033867703180443442,0.00033116295330198604,0.0003215907402343057
1.3157894736842106,-4947.862487360971,2486.1536905965622,2486.1536905965622,0.1039052286701369,0.01080280107668042,0.004700408597670338,0.004760477243386968,0.0005189632477539521,0.0005111242367963026
1.4210526315789473,-4913.4398382204245,2476.5237613751265,2476.5237613751265,0.15824527470513422,0.01875386496714696,0.007037531803260558,0.006898949423195701,0.000795811823864607,0.0008230750186662889
1.526315789473684,-4864.541961577351,2462.3013144590495,2462.3013144590495,0.2099649719340357,0.029577015550922736,0.009230917237174037,0.009290120611540154,0.0013442794709217574,0.0013695304948522498
1.631578947368421,-4797.908998988878,2441.965621840243,2441.965621840243,0.28473823731236947,0.0499233737785249,0.01301919716316291,0.012897857597834118,0.002455993907389372,0.002355291349976384
1.736842105263158,-4712.3073811931245,2414.33973710819,2414.33973710819,0.3652166198271023,0.0777259566540971,0.01563550567428143,0.01574504869277892,0.0035673861697919727,0.003604428704014412
1.8421052631578947,-4599.530839231547,2374.2184024266935,2374.2184024266935,0.5002382754607724,0.15421771690243058,0.022175985978671358,0.022866403892919284,0.00783239307961727,0.007806821785998181
1.9473684210526314,-4454.774519716886,2318.831142568251,2318.831142568251,0.6326167409539093,0.24487331692250197,0.028646309718910277,0.02954248244836603,0.012525586809990729,0.012356393479123299
2.052631578947368,-4264.428715874621,2230.8998988877656,2230.8998988877656,0.7618327995941956,0.5502964891737663,0.033214607482000016,0.034228434696650795,0.03364851527430773,0.03380965981424341
2.1578947368421053,-4004.22649140546,2083.555106167846,2083.555106167846,1.0613785744316315,1.4051286955297446,0.04540827402871528,0.04474830261089156,0.06596472103353024,0.06792295964737907
2.263157894736842,-3597.5288169868554,1606.2184024266937,1606.2184024266937,1.8357572896815506,17.07586464764911,0.07799119285736768,0.07810118880949735,0.9230622390046157,0.9012715014432839
2.3684210526315788,-3135.4297269969666,180.835187057634,757.8543983822043,1.6683227378967576,130.2802963493928,0.0785668508544289,0.07776143490707911,4.308311073398948,4.2569211906873585
2.473684210526316,-2832.614762386249,-67.15267947421638,361.5510616784631,0.9691330295602013,32.13574725351279,0.04363240522648676,0.04399133464421271,1.4672435100781531,1.4376124392192535
2.5789473684210527,-2609.872598584429,33.01516683518706,233.15267947421637,0.7891515375534467,12.928973142753572,0.03545274079457795,0.03563211941607237,0.5555180997402139,0.5563208109841664
2.6842105263157894,-2429.9737108190093,-18.194135490394338,181.7330637007078,0.6310903872236401,7.673900876652837,0.026885281925148004,0.02780011574523574,0.33067178110645523,0.3399209314202461
2.789473684210526,-2280.2386248736098,10.309403437815975,169.06370070778564,0.5029831387865757,6.40112364407282,0.023058445733558672,0.0228110100801428,0.27957522886777403,0.27681566451126216
2.894736842105263,-2154.1961577350858,14.12133468149646,147.36299292214358,0.4502488241117877,4.775079851875549,0.019933173226169366,0.020041383595293682,0.21726115415643957,0.21580882748300637
3.0,-2045.164812942366,1.943377148634985,139.108190091001,0.4287102184244535,3.963607796308773,0.01906250958038625,0.019194777094878736,0.1611403276865679,0.16448119105020306
